"load factor PA vs. Integrated Stress Nx(320,1)
       0        0
   0.100000E+00   -0.114408E+03
   0.200000E+00   -0.160508E+03
   0.348830E+00   -0.227067E+03
   0.440445E+00   -0.263340E+03
   0.503401E+00   -0.279418E+03
   0.536940E+00   -0.284641E+03
   0.552750E+00   -0.287300E+03
   0.565637E+00   -0.287673E+03
   0.575333E+00   -0.285870E+03
   0.585474E+00   -0.283782E+03
   0.595807E+00   -0.281730E+03
   0.607741E+00   -0.279404E+03
   0.623199E+00   -0.276454E+03
   0.645971E+00   -0.272083E+03
   0.674181E+00   -0.266100E+03
   0.707790E+00   -0.257266E+03
   0.721981E+00   -0.253042E+03
   0.724901E+00   -0.253450E+03
   0.721604E+00   -0.255420E+03
   0.720243E+00   -0.256585E+03
   0.724002E+00   -0.256115E+03
   0.725819E+00   -0.255685E+03
   0.727725E+00   -0.255209E+03
   0.730798E+00   -0.254401E+03
   0.735701E+00   -0.253015E+03
   0.743411E+00   -0.250655E+03
   0.753768E+00   -0.247190E+03
   0.767526E+00   -0.242106E+03
   0.781349E+00   -0.236483E+03
   0.799341E+00   -0.228414E+03
   0.822571E+00   -0.216818E+03
   0.852371E+00   -0.200141E+03
   0.890322E+00   -0.176279E+03
   0.938366E+00   -0.142417E+03
   0.998910E+00   -0.948415E+02
   0.102833E+01   -0.701254E+02
   0.106554E+01   -0.379597E+02
   0.110693E+01   -0.146203E+01
   0.113302E+01    0.218809E+02
   0.116586E+01    0.513361E+02
   0.118620E+01    0.693260E+02
   0.121035E+01    0.896718E+02


"load factor PA vs. Integrated Stress Nx(320,2)
       0        0
   0.100000E+00   -0.919096E+02
   0.200000E+00   -0.138287E+03
   0.348830E+00   -0.205784E+03
   0.440445E+00   -0.243796E+03
   0.503401E+00   -0.262462E+03
   0.536940E+00   -0.268329E+03
   0.552750E+00   -0.270725E+03
   0.565637E+00   -0.270811E+03
   0.575333E+00   -0.268998E+03
   0.585474E+00   -0.266759E+03
   0.595807E+00   -0.264320E+03
   0.607741E+00   -0.261244E+03
   0.623199E+00   -0.256798E+03
   0.645971E+00   -0.249083E+03
   0.674181E+00   -0.237132E+03
   0.707790E+00   -0.219037E+03
   0.721981E+00   -0.210683E+03
   0.724901E+00   -0.211311E+03
   0.721604E+00   -0.215081E+03
   0.720243E+00   -0.217327E+03
   0.724002E+00   -0.216323E+03
   0.725819E+00   -0.215476E+03
   0.727725E+00   -0.214534E+03
   0.730798E+00   -0.212929E+03
   0.735701E+00   -0.210206E+03
   0.743411E+00   -0.205643E+03
   0.753768E+00   -0.199068E+03
   0.767526E+00   -0.189621E+03
   0.781349E+00   -0.179444E+03
   0.799341E+00   -0.165208E+03
   0.822571E+00   -0.145407E+03
   0.852371E+00   -0.117974E+03
   0.890322E+00   -0.803939E+02
   0.938366E+00   -0.295553E+02
   0.998910E+00    0.383686E+02
   0.102833E+01    0.723987E+02
   0.106554E+01    0.115283E+03
   0.110693E+01    0.161674E+03
   0.113302E+01    0.190401E+03
   0.116586E+01    0.224870E+03
   0.118620E+01    0.244483E+03
   0.121035E+01    0.263555E+03


"load factor PA vs. Integrated Stress Nx(320,3)
       0        0
   0.100000E+00   -0.652619E+02
   0.200000E+00   -0.112114E+03
   0.348830E+00   -0.181160E+03
   0.440445E+00   -0.221883E+03
   0.503401E+00   -0.244058E+03
   0.536940E+00   -0.249593E+03
   0.552750E+00   -0.250505E+03
   0.565637E+00   -0.249043E+03
   0.575333E+00   -0.246180E+03
   0.585474E+00   -0.242599E+03
   0.595807E+00   -0.238466E+03
   0.607741E+00   -0.233034E+03
   0.623199E+00   -0.224891E+03
   0.645971E+00   -0.210472E+03
   0.674181E+00   -0.188522E+03
   0.707790E+00   -0.157101E+03
   0.721981E+00   -0.143251E+03
   0.724901E+00   -0.143927E+03
   0.721604E+00   -0.149890E+03
   0.720243E+00   -0.153437E+03
   0.724002E+00   -0.151616E+03
   0.725819E+00   -0.150196E+03
   0.727725E+00   -0.148622E+03
   0.730798E+00   -0.145953E+03
   0.735701E+00   -0.141481E+03
   0.743411E+00   -0.134102E+03
   0.753768E+00   -0.123674E+03
   0.767526E+00   -0.109035E+03
   0.781349E+00   -0.936532E+02
   0.799341E+00   -0.726800E+02
   0.822571E+00   -0.443761E+02
   0.852371E+00   -0.644136E+01
   0.890322E+00    0.437275E+02
   0.938366E+00    0.109286E+03
   0.998910E+00    0.194230E+03
   0.102833E+01    0.236002E+03
   0.106554E+01    0.287843E+03
   0.110693E+01    0.342659E+03
   0.113302E+01    0.376027E+03
   0.116586E+01    0.414878E+03
   0.118620E+01    0.435877E+03
   0.121035E+01    0.453582E+03


"load factor PA vs. Integrated Stress Nx(320,4)
       0        0
   0.100000E+00   -0.979360E+02
   0.200000E+00   -0.143275E+03
   0.348830E+00   -0.206942E+03
   0.440445E+00   -0.236352E+03
   0.503401E+00   -0.233811E+03
   0.536940E+00   -0.218371E+03
   0.552750E+00   -0.209608E+03
   0.565637E+00   -0.199970E+03
   0.575333E+00   -0.189965E+03
   0.585474E+00   -0.179091E+03
   0.595807E+00   -0.168013E+03
   0.607741E+00   -0.155183E+03
   0.623199E+00   -0.138526E+03
   0.645971E+00   -0.113827E+03
   0.674181E+00   -0.825828E+02
   0.707790E+00   -0.437520E+02
   0.721981E+00   -0.266742E+02
   0.724901E+00   -0.232238E+02
   0.721604E+00   -0.273477E+02
   0.720243E+00   -0.291325E+02
   0.724002E+00   -0.248362E+02
   0.725819E+00   -0.226814E+02
   0.727725E+00   -0.204222E+02
   0.730798E+00   -0.167780E+02
   0.735701E+00   -0.109133E+02
   0.743411E+00   -0.159301E+01
   0.753768E+00    0.110860E+02
   0.767526E+00    0.281715E+02
   0.781349E+00    0.456194E+02
   0.799341E+00    0.686797E+02
   0.822571E+00    0.990136E+02
   0.852371E+00    0.138707E+03
   0.890322E+00    0.190349E+03
   0.938366E+00    0.257179E+03
   0.998910E+00    0.343380E+03
   0.102833E+01    0.385999E+03
   0.106554E+01    0.440682E+03
   0.110693E+01    0.502811E+03
   0.113302E+01    0.542483E+03
   0.116586E+01    0.593302E+03
   0.118620E+01    0.625336E+03
   0.121035E+01    0.664271E+03


"load factor PA vs. Integrated Stress Nx(320,5)
       0        0
   0.100000E+00   -0.114865E+03
   0.200000E+00   -0.160578E+03
   0.348830E+00   -0.225478E+03
   0.440445E+00   -0.256988E+03
   0.503401E+00   -0.256783E+03
   0.536940E+00   -0.241615E+03
   0.552750E+00   -0.232633E+03
   0.565637E+00   -0.222907E+03
   0.575333E+00   -0.213084E+03
   0.585474E+00   -0.202302E+03
   0.595807E+00   -0.191152E+03
   0.607741E+00   -0.178041E+03
   0.623199E+00   -0.160683E+03
   0.645971E+00   -0.134234E+03
   0.674181E+00   -0.996949E+02
   0.707790E+00   -0.556263E+02
   0.721981E+00   -0.362740E+02
   0.724901E+00   -0.332371E+02
   0.721604E+00   -0.385446E+02
   0.720243E+00   -0.410829E+02
   0.724002E+00   -0.366575E+02
   0.725819E+00   -0.343175E+02
   0.727725E+00   -0.318434E+02
   0.730798E+00   -0.278196E+02
   0.735701E+00   -0.213052E+02
   0.743411E+00   -0.108981E+02
   0.753768E+00    0.333822E+01
   0.767526E+00    0.226496E+02
   0.781349E+00    0.424478E+02
   0.799341E+00    0.687605E+02
   0.822571E+00    0.103512E+03
   0.852371E+00    0.149169E+03
   0.890322E+00    0.208698E+03
   0.938366E+00    0.285765E+03
   0.998910E+00    0.385044E+03
   0.102833E+01    0.433932E+03
   0.106554E+01    0.495820E+03
   0.110693E+01    0.564258E+03
   0.113302E+01    0.607224E+03
   0.116586E+01    0.660582E+03
   0.118620E+01    0.692776E+03
   0.121035E+01    0.728748E+03


"load factor PA vs. Integrated Stress Nx(320,6)
       0        0
   0.100000E+00   -0.122465E+03
   0.200000E+00   -0.168766E+03
   0.348830E+00   -0.235577E+03
   0.440445E+00   -0.270345E+03
   0.503401E+00   -0.273955E+03
   0.536940E+00   -0.258685E+03
   0.552750E+00   -0.248563E+03
   0.565637E+00   -0.237718E+03
   0.575333E+00   -0.227223E+03
   0.585474E+00   -0.215545E+03
   0.595807E+00   -0.203224E+03
   0.607741E+00   -0.188455E+03
   0.623199E+00   -0.168473E+03
   0.645971E+00   -0.137258E+03
   0.674181E+00   -0.956788E+02
   0.707790E+00   -0.424295E+02
   0.721981E+00   -0.194740E+02
   0.724901E+00   -0.168542E+02
   0.721604E+00   -0.238485E+02
   0.720243E+00   -0.274451E+02
   0.724002E+00   -0.226811E+02
   0.725819E+00   -0.200154E+02
   0.727725E+00   -0.171740E+02
   0.730798E+00   -0.125213E+02
   0.735701E+00   -0.496161E+01
   0.743411E+00    0.713427E+01
   0.753768E+00    0.236796E+02
   0.767526E+00    0.460976E+02
   0.781349E+00    0.689828E+02
   0.799341E+00    0.992812E+02
   0.822571E+00    0.139027E+03
   0.852371E+00    0.190833E+03
   0.890322E+00    0.257743E+03
   0.938366E+00    0.343575E+03
   0.998910E+00    0.453416E+03
   0.102833E+01    0.507282E+03
   0.106554E+01    0.574831E+03
   0.110693E+01    0.648131E+03
   0.113302E+01    0.693585E+03
   0.116586E+01    0.748658E+03
   0.118620E+01    0.780597E+03
   0.121035E+01    0.813234E+03


"load factor PA vs. Integrated Stress Nx(320,7)
       0        0
   0.100000E+00   -0.451457E+02
   0.200000E+00   -0.898687E+02
   0.348830E+00   -0.151059E+03
   0.440445E+00   -0.174281E+03
   0.503401E+00   -0.154326E+03
   0.536940E+00   -0.119332E+03
   0.552750E+00   -0.998448E+02
   0.565637E+00   -0.809477E+02
   0.575333E+00   -0.635106E+02
   0.585474E+00   -0.447777E+02
   0.595807E+00   -0.256845E+02
   0.607741E+00   -0.356871E+01
   0.623199E+00    0.251634E+02
   0.645971E+00    0.676995E+02
   0.674181E+00    0.120999E+03
   0.707790E+00    0.185983E+03
   0.721981E+00    0.214415E+03
   0.724901E+00    0.221694E+03
   0.721604E+00    0.215935E+03
   0.720243E+00    0.213803E+03
   0.724002E+00    0.221679E+03
   0.725819E+00    0.225404E+03
   0.727725E+00    0.229283E+03
   0.730798E+00    0.235503E+03
   0.735701E+00    0.245430E+03
   0.743411E+00    0.261062E+03
   0.753768E+00    0.282122E+03
   0.767526E+00    0.310191E+03
   0.781349E+00    0.338550E+03
   0.799341E+00    0.375601E+03
   0.822571E+00    0.423730E+03
   0.852371E+00    0.485871E+03
   0.890322E+00    0.565629E+03
   0.938366E+00    0.667492E+03
   0.998910E+00    0.797089E+03
   0.102833E+01    0.860672E+03
   0.106554E+01    0.942465E+03
   0.110693E+01    0.103618E+04
   0.113302E+01    0.109639E+04
   0.116586E+01    0.117447E+04
   0.118620E+01    0.122471E+04
   0.121035E+01    0.128821E+04


"load factor PA vs. Integrated Stress Nx(320,8)
       0        0
   0.100000E+00   -0.105026E+03
   0.200000E+00   -0.150081E+03
   0.348830E+00   -0.212396E+03
   0.440445E+00   -0.237499E+03
   0.503401E+00   -0.219270E+03
   0.536940E+00   -0.184851E+03
   0.552750E+00   -0.165862E+03
   0.565637E+00   -0.147761E+03
   0.575333E+00   -0.131263E+03
   0.585474E+00   -0.113459E+03
   0.595807E+00   -0.952365E+02
   0.607741E+00   -0.740588E+02
   0.623199E+00   -0.464392E+02
   0.645971E+00   -0.531390E+01
   0.674181E+00    0.466256E+02
   0.707790E+00    0.110506E+03
   0.721981E+00    0.138458E+03
   0.724901E+00    0.145177E+03
   0.721604E+00    0.139228E+03
   0.720243E+00    0.136906E+03
   0.724002E+00    0.144401E+03
   0.725819E+00    0.147998E+03
   0.727725E+00    0.151749E+03
   0.730798E+00    0.157774E+03
   0.735701E+00    0.167405E+03
   0.743411E+00    0.182594E+03
   0.753768E+00    0.203091E+03
   0.767526E+00    0.230473E+03
   0.781349E+00    0.258186E+03
   0.799341E+00    0.294498E+03
   0.822571E+00    0.341800E+03
   0.852371E+00    0.403089E+03
   0.890322E+00    0.482033E+03
   0.938366E+00    0.583225E+03
   0.998910E+00    0.712491E+03
   0.102833E+01    0.776015E+03
   0.106554E+01    0.857327E+03
   0.110693E+01    0.949361E+03
   0.113302E+01    0.100809E+04
   0.116586E+01    0.108320E+04
   0.118620E+01    0.113061E+04
   0.121035E+01    0.118852E+04


"load factor PA vs. Integrated Stress Nx(320,9)
       0        0
   0.100000E+00   -0.150401E+03
   0.200000E+00   -0.196018E+03
   0.348830E+00   -0.260206E+03
   0.440445E+00   -0.288532E+03
   0.503401E+00   -0.274063E+03
   0.536940E+00   -0.240442E+03
   0.552750E+00   -0.221324E+03
   0.565637E+00   -0.203218E+03
   0.575333E+00   -0.186985E+03
   0.585474E+00   -0.169325E+03
   0.595807E+00   -0.151076E+03
   0.607741E+00   -0.129687E+03
   0.623199E+00   -0.101530E+03
   0.645971E+00   -0.591364E+02
   0.674181E+00   -0.508618E+01
   0.707790E+00    0.615232E+02
   0.721981E+00    0.902925E+02
   0.724901E+00    0.962723E+02
   0.721604E+00    0.895217E+02
   0.720243E+00    0.866189E+02
   0.724002E+00    0.938707E+02
   0.725819E+00    0.974646E+02
   0.727725E+00    0.101227E+03
   0.730798E+00    0.107291E+03
   0.735701E+00    0.117008E+03
   0.743411E+00    0.132346E+03
   0.753768E+00    0.153044E+03
   0.767526E+00    0.180677E+03
   0.781349E+00    0.208572E+03
   0.799341E+00    0.245051E+03
   0.822571E+00    0.292390E+03
   0.852371E+00    0.353462E+03
   0.890322E+00    0.431722E+03
   0.938366E+00    0.531573E+03
   0.998910E+00    0.658822E+03
   0.102833E+01    0.721284E+03
   0.106554E+01    0.800799E+03
   0.110693E+01    0.889744E+03
   0.113302E+01    0.946136E+03
   0.116586E+01    0.101727E+04
   0.118620E+01    0.106127E+04
   0.121035E+01    0.111295E+04


